kills,assists,deaths,kda,wardsPlaced,goldEarned,magicDamageDealt,physicalDamageDealt,lane,wardsKilled,totalDamageDealt
14,10,7,3.4285714285714284,2,18370,0,176200,MIDDLE,4,179963
6,3,8,1.125,2,10826,0,88639,MIDDLE,1,93348
14,2,6,2.6666666666666665,5,13147,0,106175,MIDDLE,0,107319
4,6,10,1.0,9,14041,1810,138401,TOP,0,173310
4,10,10,1.4,7,12958,0,135403,BOTTOM,1,155419
3,2,7,0.7142857142857143,8,10910,1347,99398,BOTTOM,0,100929
5,4,4,2.25,7,10153,1914,88842,BOTTOM,0,93362
20,2,11,2.0,4,19511,0,157987,MIDDLE,2,161204
18,8,6,4.333333333333333,2,16228,0,159374,MIDDLE,2,160710
4,9,6,2.1666666666666665,4,11941,136080,10327,TOP,3,156095
6,11,6,2.8333333333333335,4,13157,0,121712,JUNGLE,2,123308
10,11,7,3.0,10,16610,0,300160,JUNGLE,1,341139
11,8,6,3.1666666666666665,0,16870,0,224224,JUNGLE,10,254537
5,7,3,4.0,4,11453,0,130678,MIDDLE,2,132795
8,6,7,2.0,1,11554,0,124385,MIDDLE,6,125151
8,4,10,1.2,2,15538,1962,161199,TOP,1,194533
13,13,15,1.7333333333333334,4,17909,0,232893,MIDDLE,3,238656
5,9,9,1.5555555555555556,3,11144,0,114457,MIDDLE,2,115865
9,3,6,2.0,7,10857,0,96314,MIDDLE,2,97217
11,9,9,2.2222222222222223,3,20813,0,318631,JUNGLE,6,371017
6,0,6,1.0,2,8195,0,78072,MIDDLE,0,86299
6,2,5,1.6,2,9631,0,106105,MIDDLE,2,107341
4,4,2,4.0,2,8460,0,106009,MIDDLE,0,106523
10,5,15,1.0,2,16367,0,177795,MIDDLE,1,185988
19,2,3,7.0,0,14657,0,133303,MIDDLE,3,134943
4,6,14,0.7142857142857143,2,12155,0,153122,MIDDLE,6,158843
14,6,10,2.0,1,17389,0,233827,TOP,2,249459
4,4,6,1.3333333333333333,4,8750,0,89308,JUNGLE,2,110590
13,13,8,3.25,5,18938,0,271131,JUNGLE,10,310394
7,3,3,3.3333333333333335,3,14245,0,158002,MIDDLE,1,164968
4,3,1,7.0,4,6490,0,45868,NONE,1,46214
5,6,13,0.8461538461538461,1,10371,0,105734,MIDDLE,2,107192
5,4,5,1.8,8,8871,0,75571,MIDDLE,2,76889
12,1,6,2.1666666666666665,2,16815,33,230986,JUNGLE,3,268198
10,6,7,2.2857142857142856,1,15661,0,184042,MIDDLE,6,188579
14,7,5,4.2,2,16188,0,228722,JUNGLE,5,263717
8,2,6,1.6666666666666667,0,12488,0,114018,MIDDLE,2,115686
6,4,4,2.5,2,13230,0,130512,MIDDLE,2,139585
26,4,4,7.5,2,18701,0,168120,MIDDLE,2,170222
12,7,6,3.1666666666666665,3,14318,0,172942,JUNGLE,1,204482
15,6,5,4.2,4,17485,0,183771,MIDDLE,0,199972
7,5,8,1.5,3,14724,0,159868,MIDDLE,4,164786
16,3,6,3.1666666666666665,7,18556,389,193790,MIDDLE,0,197283
7,1,10,0.8,9,11641,767,97660,TOP,2,125909
0,0,4,0.0,3,6177,11675,32603,BOTTOM,0,48950
19,6,6,4.166666666666667,7,22020,29971,279423,JUNGLE,5,344664
8,1,2,4.5,4,10449,0,145998,JUNGLE,2,170512
6,5,7,1.5714285714285714,0,16515,6722,59037,NONE,0,74683
14,3,4,4.25,3,14136,5840,111526,JUNGLE,2,146370
8,1,7,1.2857142857142858,8,13374,2391,111963,TOP,1,143883
23,6,15,1.9333333333333333,4,27358,0,370122,MIDDLE,1,382210
13,5,9,2.0,8,14309,0,135962,MIDDLE,2,138547
17,10,17,1.588235294117647,13,17719,0,196703,BOTTOM,4,199764
11,1,8,1.5,0,14868,0,191859,MIDDLE,1,200055
12,12,6,4.0,7,16698,3448,164826,JUNGLE,1,208861
7,2,3,3.0,3,12153,0,134342,MIDDLE,3,165206
12,5,6,2.8333333333333335,11,18915,2994,212549,TOP,1,296201
17,8,3,8.333333333333334,3,14297,2306,106499,JUNGLE,0,138994
10,2,7,1.7142857142857142,2,13406,0,159466,MIDDLE,1,163105
9,2,14,0.7857142857142857,6,14066,0,136175,MIDDLE,3,148495
2,1,0,3.0,0,6366,0,67610,NONE,0,68680
19,20,12,3.25,5,25212,0,313721,MIDDLE,1,318902
8,6,4,3.5,2,12054,0,134542,TOP,1,136450
15,5,9,2.2222222222222223,4,14562,208,144408,MIDDLE,3,159762
17,4,1,21.0,4,12926,0,108187,NONE,2,116911
18,5,10,2.3,3,20638,0,228134,MIDDLE,8,233222
1,5,16,0.375,1,12754,26013,201793,TOP,1,232312
13,5,13,1.3846153846153846,3,18951,320,248397,MIDDLE,2,268687
6,3,6,1.5,0,19200,7934,75546,NONE,0,83481
4,6,6,1.6666666666666667,0,19450,648,34256,NONE,0,34905
10,2,3,4.0,1,12725,0,137612,TOP,1,143372
21,9,6,5.0,3,18136,0,178539,MIDDLE,6,180338
18,9,6,4.5,1,19218,0,204283,MIDDLE,3,215682
5,3,8,1.0,6,10495,0,80658,TOP,0,85293
16,4,13,1.5384615384615385,3,18277,0,176687,MIDDLE,1,183910
4,3,6,1.1666666666666667,0,13460,0,25484,NONE,0,25484
7,6,6,2.1666666666666665,0,23150,4965,60017,MIDDLE,0,69488
4,1,6,0.8333333333333334,0,12050,5915,52584,NONE,0,59955
9,4,5,2.6,0,21720,0,72267,NONE,0,72267
9,6,6,2.5,0,20150,0,69881,NONE,0,69976
5,10,6,2.5,0,20150,55,70724,NONE,0,70780
8,2,5,2.0,0,19190,0,25539,NONE,0,25539
1,1,7,0.2857142857142857,0,11700,13892,2481,NONE,0,20473
3,3,4,1.5,2,5670,0,42771,NONE,0,44937
16,2,7,2.5714285714285716,8,22415,0,249147,MIDDLE,2,276283
13,6,7,2.7142857142857144,0,19014,0,202571,MIDDLE,3,207034
5,3,6,1.3333333333333333,0,15750,517,29897,NONE,0,49658
4,8,6,2.0,0,20159,420,25853,NONE,0,40359
1,3,3,1.3333333333333333,3,7723,0,134395,JUNGLE,2,169743
27,8,11,3.1818181818181817,5,21661,3244,293970,JUNGLE,0,337157
7,2,6,1.5,5,12720,0,119657,MIDDLE,0,122254
8,3,5,2.2,0,11751,0,99429,MIDDLE,3,104117
5,3,5,1.6,0,9170,0,77814,MIDDLE,2,79167
14,6,10,2.0,5,17229,0,156439,MIDDLE,3,162444
7,3,12,0.8333333333333334,0,11445,0,91032,TOP,0,97592
11,3,10,1.4,4,15117,453,145679,MIDDLE,0,170828
9,2,4,2.75,4,11130,0,116381,MIDDLE,1,118575
20,8,6,4.666666666666667,5,19040,207,193458,MIDDLE,2,197606
8,1,0,9.0,4,10305,0,96397,NONE,1,96777
20,1,7,3.0,4,17257,0,177135,MIDDLE,1,183548
